11B-2
99400
-75600
0
11B-1
99400
-126800
0
12-2
103400
-75600
0
12-1
103400
-126800
0
13-2
111600
-75600
0
13-1
111600
-126800
0
14-2
122600
-75600
0
14-1
122600
-126800
0
15-2
132200
-75600
0
15-1
132200
-126800
0
16-2
139600.0000000000
-75600.00000000000
0.000000
16-1
139600.0000000000
-126800.0000000000
0.000000
15A-2
131100
-75600
0
15A-1
141884
-109200
0
12A-2
134080
-75600
0
12A-1
144864
-109200
0
N11B-2
100049
-123904
0
N11B-1
95295
-141161.6
0
N12-1
99151
-142224
0
N12-2
103905
-124967
0
N13-2
110618.3023401602
-130342.8434199826
0.000000
N13-1
106767.3272534123
-144322.1134610558
0.000000
N14-2
122572.9884442504
-133636.0910803739
0.000000
N14-1
118722.0133575025
-147615.3611214472
0.000000 
N15-2
132213.8643346457
-136291.9359677863
0.000000
N15-1
128362.8892478978
-150271.2060088595
0.000000
N16-2
138697.3533709366
-138077.9916545711
0.000000
N16-1
134846.3782841886
-152057.2616956443
0.000000