K-1
99400.0000000000
-75600.00000000000
0.000000
K-2
142200.0000000000
-75600.00000000000
0.000000
J-1
99400.0000000000
-83600.00000000000
0.000000
J-2
142200.0000000000
-83600.00000000000
0.000000
I-1
99400.0000000000
-91600.00000000000
0.000000
I-2
142200.0000000000
-91600.00000000000
0.000000
H-1
99400.0000000000
-100400.0000000000
0.000000
H-2
142200.0000000000
-100400.0000000000
0.000000
G-1
99400.0000000000
-109200.0000000000
0.000000
G-2
142200.0000000000
-109200.0000000000
0.000000
F-1
99400.0000000000
-118000.0000000000
0.000000
F-2
142200.0000000000
-118000.0000000000
0.000000
E-1
99400.0000000000
-126800.0000000000
0.000000
E-2
142200.0000000000
-126800.0000000000
0.000000
D-1
100049
-123904
0
D-2
139600
-134800
0
C-1
99146
-138077
0
C-2
138697
-138078
0
B-1
96145
-138076
0
B-2
135696
-148972
0
A-1
95295
-141161
0
A-2
134846
-152057
0
