0-C
-10000.00000000000
-130300.0000000000
 0.000000
1-C
 0.000000
-130300.0000000000
 0.000000
2-C
 9600.000000000000
-130300.0000000000
 0.000000
3-C
 19200.00000000000
-130300.0000000000
 0.000000
4-C
 28800.00000000000
-130300.0000000000
 0.000000
5-C
 38400.00000000000
-130300.0000000000
 0.000000
6-C
 48000.00000000000
-130300.0000000000
 0.000000
7-C
 57600.00000000000
-130300.0000000000
 0.000000
8-C
 67200.00000000000
-130300.0000000000
 0.000000
9-C
 76800.00000000000
-130300.0000000000
 0.000000
10-C
 86400.00000000000
-130300.0000000000
 0.000000
11-C
 92800.00000000000
-130300.0000000000
 0.000000
12-C
 103400.0000000000
-130300.0000000000
 0.000000
13-C
 111600.0000000000
-130300.0000000000
 0.000000
14-C
 122600.0000000000
-130300.0000000000
 0.000000
15-C
 132200.0000000000
-130300.0000000000
 0.000000
16-C
 139600.0000000000
-130300.0000000000
 0.000000
0-E
-10000.00000000000
-126800.0000000000
 0.000000
1-E
 0.000000
-126800.0000000000
 0.000000
2-E
 9600.000000000000
-126800.0000000000
 0.000000
3-E
 19200.00000000000
-126800.0000000000
 0.000000
4-E
 28800.00000000000
-126800.0000000000
 0.000000
5-E
 38400.00000000000
-126800.0000000000
 0.000000
6-E
 48000.00000000000
-126800.0000000000
 0.000000
7-E
 57600.00000000000
-126800.0000000000
 0.000000
8-E
 67200.00000000000
-126800.0000000000
 0.000000
9-E
 76800.00000000000
-126800.0000000000
 0.000000
10-E
 86400.00000000000
-126800.0000000000
 0.000000
11-E
 92800.00000000000
-126800.0000000000
 0.000000
12-E
 103400.0000000000
-126800.0000000000
 0.000000
13-E
 111600.0000000000
-126800.0000000000
 0.000000
14-E
 122600.0000000000
-126800.0000000000
 0.000000
15-E
 132200.0000000000
-126800.0000000000
 0.000000
16-E
 139600.0000000000
-126800.0000000000
 0.000000
0-F
-10000.00000000000
-118000.0000000000
 0.000000
1-F
 0.000000
-118000.0000000000
 0.000000
2-F
 9600.000000000000
-118000.0000000000
 0.000000
3-F
 19200.00000000000
-118000.0000000000
 0.000000
4-F
 28800.00000000000
-118000.0000000000
 0.000000
5-F
 38400.00000000000
-118000.0000000000
 0.000000
6-F
 48000.00000000000
-118000.0000000000
 0.000000
7-F
 57600.00000000000
-118000.0000000000
 0.000000
8-F
 67200.00000000000
-118000.0000000000
 0.000000
9-F
 76800.00000000000
-118000.0000000000
 0.000000
10-F
 86400.00000000000
-118000.0000000000
 0.000000
11-F
 92800.00000000000
-118000.0000000000
 0.000000
12-F
 103400.0000000000
-118000.0000000000
 0.000000
13-F
 111600.0000000000
-118000.0000000000
 0.000000
14-F
 122600.0000000000
-118000.0000000000
 0.000000
15-F
 132200.0000000000
-118000.0000000000
 0.000000
16-F
 139600.0000000000
-118000.0000000000
 0.000000
0-G
-10000.00000000000
-109200.0000000000
 0.000000
1-G
 0.000000
-109200.0000000000
 0.000000
2-G
 9600.000000000000
-109200.0000000000
 0.000000
3-G
 19200.00000000000
-109200.0000000000
 0.000000
4-G
 28800.00000000000
-109200.0000000000
 0.000000
5-G
 38400.00000000000
-109200.0000000000
 0.000000
6-G
 48000.00000000000
-109200.0000000000
 0.000000
7-G
 57600.00000000000
-109200.0000000000
 0.000000
8-G
 67200.00000000000
-109200.0000000000
 0.000000
9-G
 76800.00000000000
-109200.0000000000
 0.000000
10-G
 86400.00000000000
-109200.0000000000
 0.000000
11-G
 92800.00000000000
-109200.0000000000
 0.000000
12-G
 103400.0000000000
-109200.0000000000
 0.000000
13-G
 111600.0000000000
-109200.0000000000
 0.000000
14-G
 122600.0000000000
-109200.0000000000
 0.000000
15-G
 132200.0000000000
-109200.0000000000
 0.000000
16-G
 139600.0000000000
-109200.0000000000
 0.000000
0-H
-10000.00000000000
-100400.0000000000
 0.000000
1-H
 0.000000
-100400.0000000000
 0.000000
2-H
 9600.000000000000
-100400.0000000000
 0.000000
3-H
 19200.00000000000
-100400.0000000000
 0.000000
4-H
 28800.00000000000
-100400.0000000000
 0.000000
5-H
 38400.00000000000
-100400.0000000000
 0.000000
6-H
 48000.00000000000
-100400.0000000000
 0.000000
7-H
 57600.00000000000
-100400.0000000000
 0.000000
8-H
 67200.00000000000
-100400.0000000000
 0.000000
9-H
 76800.00000000000
-100400.0000000000
 0.000000
10-H
 86400.00000000000
-100400.0000000000
 0.000000
11-H
 92800.00000000000
-100400.0000000000
 0.000000
12-H
 103400.0000000000
-100400.0000000000
 0.000000
13-H
 111600.0000000000
-100400.0000000000
 0.000000
14-H
 122600.0000000000
-100400.0000000000
 0.000000
15-H
 132200.0000000000
-100400.0000000000
 0.000000
16-H
 139600.0000000000
-100400.0000000000
 0.000000
0-I
-10000.00000000000
-91600.00000000000
 0.000000
1-I
 0.000000
-91600.00000000000
 0.000000
2-I
 9600.000000000000
-91600.00000000000
 0.000000
3-I
 19200.00000000000
-91600.00000000000
 0.000000
4-I
 28800.00000000000
-91600.00000000000
 0.000000
5-I
 38400.00000000000
-91600.00000000000
 0.000000
6-I
 48000.00000000000
-91600.00000000000
 0.000000
7-I
 57600.00000000000
-91600.00000000000
 0.000000
8-I
 67200.00000000000
-91600.00000000000
 0.000000
9-I
 76800.00000000000
-91600.00000000000
 0.000000
10-I
 86400.00000000000
-91600.00000000000
 0.000000
11-I
 92800.00000000000
-91600.00000000000
 0.000000
12-I
 103400.0000000000
-91600.00000000000
 0.000000
13-I
 111600.0000000000
-91600.00000000000
 0.000000
14-I
 122600.0000000000
-91600.00000000000
 0.000000
15-I
 132200.0000000000
-91600.00000000000
 0.000000
16-I
 139600.0000000000
-91600.00000000000
 0.000000
0-J
-10000.00000000000
-83600.00000000000
 0.000000
1-J
 0.000000
-83600.00000000000
 0.000000
2-J
 9600.000000000000
-83600.00000000000
 0.000000
3-J
 19200.00000000000
-83600.00000000000
 0.000000
4-J
 28800.00000000000
-83600.00000000000
 0.000000
5-J
 38400.00000000000
-83600.00000000000
 0.000000
6-J
 48000.00000000000
-83600.00000000000
 0.000000
7-J
 57600.00000000000
-83600.00000000000
 0.000000
8-J
 67200.00000000000
-83600.00000000000
 0.000000
9-J
 76800.00000000000
-83600.00000000000
 0.000000
10-J
 86400.00000000000
-83600.00000000000
 0.000000
11-J
 92800.00000000000
-83600.00000000000
 0.000000
12-J
 103400.0000000000
-83600.00000000000
 0.000000
13-J
 111600.0000000000
-83600.00000000000
 0.000000
14-J
 122600.0000000000
-83600.00000000000
 0.000000
15-J
 132200.0000000000
-83600.00000000000
 0.000000
16-J
 139600.0000000000
-83600.00000000000
 0.000000
0-K
-10000.00000000000
-75600.00000000000
 0.000000
1-K
 0.000000
-75600.00000000000
 0.000000
2-K
 9600.000000000000
-75600.00000000000
 0.000000
3-K
 19200.00000000000
-75600.00000000000
 0.000000
4-K
 28800.00000000000
-75600.00000000000
 0.000000
5-K
 38400.00000000000
-75600.00000000000
 0.000000
6-K
 48000.00000000000
-75600.00000000000
 0.000000
7-K
 57600.00000000000
-75600.00000000000
 0.000000
8-K
 67200.00000000000
-75600.00000000000
 0.000000
9-K
 76800.00000000000
-75600.00000000000
 0.000000
10-K
 86400.00000000000
-75600.00000000000
 0.000000
11-K
 92800.00000000000
-75600.00000000000
 0.000000
12-K
 103400.0000000000
-75600.00000000000
 0.000000
13-K
 111600.0000000000
-75600.00000000000
 0.000000
14-K
 122600.0000000000
-75600.00000000000
 0.000000
15-K
 132200.0000000000
-75600.00000000000
 0.000000
16-K
 139600.0000000000
-75600.00000000000
 0.000000
0-L
-10000.00000000000
-67200.00000000000
 0.000000
1-L
 0.000000
-67200.00000000000
 0.000000
2-L
 9600.000000000000
-67200.00000000000
 0.000000
3-L
 19200.00000000000
-67200.00000000000
 0.000000
4-L
 28800.00000000000
-67200.00000000000
 0.000000
5-L
 38400.00000000000
-67200.00000000000
 0.000000
6-L
 48000.00000000000
-67200.00000000000
 0.000000
7-L
 57600.00000000000
-67200.00000000000
 0.000000
8-L
 67200.00000000000
-67200.00000000000
 0.000000
9-L
 76800.00000000000
-67200.00000000000
 0.000000
10-L
 86400.00000000000
-67200.00000000000
 0.000000
11-L
 92800.00000000000
-67200.00000000000
 0.000000
12-L
 103400.0000000000
-67200.00000000000
 0.000000
13-L
 111600.0000000000
-67200.00000000000
 0.000000
14-L
 122600.0000000000
-67200.00000000000
 0.000000
15-L
 132200.0000000000
-67200.00000000000
 0.000000
16-L
 139600.0000000000
-67200.00000000000
 0.000000
0-M
-10000.00000000000
-58800.00000000000
 0.000000
1-M
 0.000000
-58800.00000000000
 0.000000
2-M
 9600.000000000000
-58800.00000000000
 0.000000
3-M
 19200.00000000000
-58800.00000000000
 0.000000
4-M
 28800.00000000000
-58800.00000000000
 0.000000
5-M
 38400.00000000000
-58800.00000000000
 0.000000
6-M
 48000.00000000000
-58800.00000000000
 0.000000
7-M
 57600.00000000000
-58800.00000000000
 0.000000
8-M
 67200.00000000000
-58800.00000000000
 0.000000
9-M
 76800.00000000000
-58800.00000000000
 0.000000
10-M
 86400.00000000000
-58800.00000000000
 0.000000
11-M
 92800.00000000000
-58800.00000000000
 0.000000
12-M
 103400.0000000000
-58800.00000000000
 0.000000
13-M
 111600.0000000000
-58800.00000000000
 0.000000
14-M
 122600.0000000000
-58800.00000000000
 0.000000
15-M
 132200.0000000000
-58800.00000000000
 0.000000
16-M
 139600.0000000000
-58800.00000000000
 0.000000
0-N
-10000.00000000000
-48800.00000000000
 0.000000
1-N
 0.000000
-48800.00000000000
 0.000000
2-N
 9600.000000000000
-48800.00000000000
 0.000000
3-N
 19200.00000000000
-48800.00000000000
 0.000000
4-N
 28800.00000000000
-48800.00000000000
 0.000000
5-N
 38400.00000000000
-48800.00000000000
 0.000000
6-N
 48000.00000000000
-48800.00000000000
 0.000000
7-N
 57600.00000000000
-48800.00000000000
 0.000000
8-N
 67200.00000000000
-48800.00000000000
 0.000000
9-N
 76800.00000000000
-48800.00000000000
 0.000000
10-N
 86400.00000000000
-48800.00000000000
 0.000000
11-N
 92800.00000000000
-48800.00000000000
 0.000000
12-N
 103400.0000000000
-48800.00000000000
 0.000000
13-N
 111600.0000000000
-48800.00000000000
 0.000000
14-N
 122600.0000000000
-48800.00000000000
 0.000000
15-N
 132200.0000000000
-48800.00000000000
 0.000000
16-N
 139600.0000000000
-48800.00000000000
 0.000000
0-O
-10000.00000000000
-38800.00000000000
 0.000000
1-O
 0.000000
-38800.00000000000
 0.000000
2-O
 9600.000000000000
-38800.00000000000
 0.000000
3-O
 19200.00000000000
-38800.00000000000
 0.000000
4-O
 28800.00000000000
-38800.00000000000
 0.000000
5-O
 38400.00000000000
-38800.00000000000
 0.000000
6-O
 48000.00000000000
-38800.00000000000
 0.000000
7-O
 57600.00000000000
-38800.00000000000
 0.000000
8-O
 67200.00000000000
-38800.00000000000
 0.000000
9-O
 76800.00000000000
-38800.00000000000
 0.000000
10-O
 86400.00000000000
-38800.00000000000
 0.000000
11-O
 92800.00000000000
-38800.00000000000
 0.000000
12-O
 103400.0000000000
-38800.00000000000
 0.000000
13-O
 111600.0000000000
-38800.00000000000
 0.000000
14-O
 122600.0000000000
-38800.00000000000
 0.000000
15-O
 132200.0000000000
-38800.00000000000
 0.000000
16-O
 139600.0000000000
-38800.00000000000
 0.000000
0-P
-10000.00000000000
-29200.00000000000
 0.000000
1-P
 0.000000
-29200.00000000000
 0.000000
2-P
 9600.000000000000
-29200.00000000000
 0.000000
3-P
 19200.00000000000
-29200.00000000000
 0.000000
4-P
 28800.00000000000
-29200.00000000000
 0.000000
5-P
 38400.00000000000
-29200.00000000000
 0.000000
6-P
 48000.00000000000
-29200.00000000000
 0.000000
7-P
 57600.00000000000
-29200.00000000000
 0.000000
8-P
 67200.00000000000
-29200.00000000000
 0.000000
9-P
 76800.00000000000
-29200.00000000000
 0.000000
10-P
 86400.00000000000
-29200.00000000000
 0.000000
11-P
 92800.00000000000
-29200.00000000000
 0.000000
12-P
 103400.0000000000
-29200.00000000000
 0.000000
13-P
 111600.0000000000
-29200.00000000000
 0.000000
14-P
 122600.0000000000
-29200.00000000000
 0.000000
15-P
 132200.0000000000
-29200.00000000000
 0.000000
16-P
 139600.0000000000
-29200.00000000000
 0.000000
0-Q
-10000.00000000000
-19600.00000000000
 0.000000
1-Q
 0.000000
-19600.00000000000
 0.000000
2-Q
 9600.000000000000
-19600.00000000000
 0.000000
3-Q
 19200.00000000000
-19600.00000000000
 0.000000
4-Q
 28800.00000000000
-19600.00000000000
 0.000000
5-Q
 38400.00000000000
-19600.00000000000
 0.000000
6-Q
 48000.00000000000
-19600.00000000000
 0.000000
7-Q
 57600.00000000000
-19600.00000000000
 0.000000
8-Q
 67200.00000000000
-19600.00000000000
 0.000000
9-Q
 76800.00000000000
-19600.00000000000
 0.000000
10-Q
 86400.00000000000
-19600.00000000000
 0.000000
11-Q
 92800.00000000000
-19600.00000000000
 0.000000
12-Q
 103400.0000000000
-19600.00000000000
 0.000000
13-Q
 111600.0000000000
-19600.00000000000
 0.000000
14-Q
 122600.0000000000
-19600.00000000000
 0.000000
15-Q
 132200.0000000000
-19600.00000000000
 0.000000
16-Q
 139600.0000000000
-19600.00000000000
 0.000000
0-R
-10000.00000000000
-10000.00000000000
 0.000000
1-R
 0.000000
-10000.00000000000
 0.000000
2-R
 9600.000000000000
-10000.00000000000
 0.000000
3-R
 19200.00000000000
-10000.00000000000
 0.000000
4-R
 28800.00000000000
-10000.00000000000
 0.000000
5-R
 38400.00000000000
-10000.00000000000
 0.000000
6-R
 48000.00000000000
-10000.00000000000
 0.000000
7-R
 57600.00000000000
-10000.00000000000
 0.000000
8-R
 67200.00000000000
-10000.00000000000
 0.000000
9-R
 76800.00000000000
-10000.00000000000
 0.000000
10-R
 86400.00000000000
-10000.00000000000
 0.000000
11-R
 92800.00000000000
-10000.00000000000
 0.000000
12-R
 103400.0000000000
-10000.00000000000
 0.000000
13-R
 111600.0000000000
-10000.00000000000
 0.000000
14-R
 122600.0000000000
-10000.00000000000
 0.000000
15-R
 132200.0000000000
-10000.00000000000
 0.000000
16-R
 139600.0000000000
-10000.00000000000
 0.000000
0-S
-10000.00000000000
 0.000000
 0.000000
1-S
 0.000000
 0.000000
 0.000000
2-S
 9600.000000000000
 0.000000
 0.000000
3-S
 19200.00000000000
 0.000000
 0.000000
4-S
 28800.00000000000
 0.000000
 0.000000
5-S
 38400.00000000000
 0.000000
 0.000000
6-S
 48000.00000000000
 0.000000
 0.000000
7-S
 57600.00000000000
 0.000000
 0.000000
8-S
 67200.00000000000
 0.000000
 0.000000
9-S
 76800.00000000000
 0.000000
 0.000000
10-S
 86400.00000000000
 0.000000
 0.000000
11-S
 92800.00000000000
 0.000000
 0.000000
12-S
 103400.0000000000
 0.000000
 0.000000
13-S
 111600.0000000000
 0.000000
 0.000000
14-S
 122600.0000000000
 0.000000
 0.000000
15-S
 132200.0000000000
 0.000000
 0.000000
16-S
 139600.0000000000
 0.000000
 0.000000
N12-A
 99151.03530000000
-142223.9960000000
 0.000000
N13-A
 106767.3272534123
-144322.1134610558
 0.000000
N14-A
 118722.0133575025
-147615.3611214472
 0.000000
N15-A
 128362.8892478978
-150271.2060088595
 0.000000
N16-A
 134846.3782841886
-152057.2616956443
 0.000000
N12-B
 100000.9056639720
-139138.9157150735
 0.000000
N13-B
 107617.1976173843
-141237.0331761293
 0.000000
N14-B
 119571.8837214744
-144530.2808365206
 0.000000
N15-B
 129212.7596118698
-147186.1257239330
 0.000000
N16-B
 135696.2486481606
-148972.1814107178
 0.000000
N12-C
 103002.0103867480
-128244.7259589268
 0.000000
N13-C
 110618.3023401602
-130342.8434199826
 0.000000
N14-C
 122572.9884442504
-133636.0910803739
 0.000000
N15-C
 132213.8643346457
-136291.9359677863
 0.000000
N16-C
 138697.3533709366
-138077.9916545711
 0.000000
N12-D
 103904.9976484682
-124966.8281561924
 0.000000
N13-D
 111521.2896018805
-127064.9456172482
 0.000000
N14-D
 123475.9757059706
-130358.1932776395
 0.000000
N15-D
 133116.8515963659
-133014.0381650519
 0.000000
N16-D
 139600.3406326568
-134800.0938518367
 0.000000
12A-K
 134080.0000000000
-75600.00000000000
 0.000000
12A-G
 144864.1418000000
-109200.0000000000
 0.000000
14A-I
 127735.3056000000
-91600.00000000000
 0.000000
15A-I
 136235.3056000000
-91600.00000000000
 0.000000
15A-J
 133667.6528000000
-83600.00000000000
 0.000000
15A-K
 131100
-75600
 0
12A-K
 134080
-75600
 0
15A-G
 141884
-109200
 0
12A-G
 144864
-109200
 0
11B-K
 99400
-75600
 0
11B-E
 99400
-126800
 0
N11B-D
 100049
-123904
 0
N11B-A
 95294.6
-141161.6
 0
N11B-B
 96144.5554
-138076.5778
 0
N11B-C
 99145.6
-127182
 0

 
