1-A
 0.000000
 0.000000
 0.000000
2-A
 10000.00000000000
 0.000000
 0.000000
3-A
 20000.00000000000
 0.000000
 0.000000
4-A
 30000.00000000000
 0.000000
 0.000000
5-A
 40000.00000000000
 0.000000
 0.000000
6-A
 49000.00000000000
 0.000000
 0.000000
7-A
 58000.00000000000
 0.000000
 0.000000
8-A
 67000.00000000000
 0.000000
 0.000000
9-A
 76000.00000000000
 0.000000
 0.000000
10-A
 85000.00000000000
 0.000000
 0.000000
11-A
 94000.00000000000
 0.000000
 0.000000
12-A
 103000.0000000000
 0.000000
 0.000000
13-A
 112000.0000000000
 0.000000
 0.000000
14-A
 121000.0000000000
 0.000000
 0.000000
15-A
 130000.0000000000
 0.000000
 0.000000
16-A
 139000.0000000000
 0.000000
 0.000000
17-A
 148000.0000000000
 0.000000
 0.000000
18-A
 157000.0000000000
 0.000000
 0.000000
19-A
 166000.0000000000
 0.000000
 0.000000
20-A
 175000.0000000000
 0.000000
 0.000000
21-A
 184000.0000000000
 0.000000
 0.000000
22-A
 193000.0000000000
 0.000000
 0.000000
23-A
 202000.0000000000
 0.000000
 0.000000
24-A
 211000.0000000000
 0.000000
 0.000000
25-A
 220000.0000000000
 0.000000
 0.000000
26-A
 230000.0000000000
 0.000000
 0.000000
27-A
 240000.0000000000
 0.000000
 0.000000
28-A
 250000.0000000000
 0.000000
 0.000000
29-A
 260000.0000000000
 0.000000
 0.000000
30-A
 270000.0000000000
 0.000000
 0.000000
31-A
 280000.0000000000
 0.000000
 0.000000
32-A
 290000.0000000000
 0.000000
 0.000000
1-B
 0.000000
 14000.00000000000
 0.000000
2-B
 10000.00000000000
 14000.00000000000
 0.000000
3-B
 20000.00000000000
 14000.00000000000
 0.000000
4-B
 30000.00000000000
 14000.00000000000
 0.000000
5-B
 40000.00000000000
 14000.00000000000
 0.000000
6-B
 49000.00000000000
 14000.00000000000
 0.000000
7-B
 58000.00000000000
 14000.00000000000
 0.000000
8-B
 67000.00000000000
 14000.00000000000
 0.000000
9-B
 76000.00000000000
 14000.00000000000
 0.000000
10-B
 85000.00000000000
 14000.00000000000
 0.000000
11-B
 94000.00000000000
 14000.00000000000
 0.000000
12-B
 103000.0000000000
 14000.00000000000
 0.000000
13-B
 112000.0000000000
 14000.00000000000
 0.000000
14-B
 121000.0000000000
 14000.00000000000
 0.000000
15-B
 130000.0000000000
 14000.00000000000
 0.000000
16-B
 139000.0000000000
 14000.00000000000
 0.000000
17-B
 148000.0000000000
 14000.00000000000
 0.000000
18-B
 157000.0000000000
 14000.00000000000
 0.000000
19-B
 166000.0000000000
 14000.00000000000
 0.000000
20-B
 175000.0000000000
 14000.00000000000
 0.000000
21-B
 184000.0000000000
 14000.00000000000
 0.000000
22-B
 193000.0000000000
 14000.00000000000
 0.000000
23-B
 202000.0000000000
 14000.00000000000
 0.000000
24-B
 211000.0000000000
 14000.00000000000
 0.000000
25-B
 220000.0000000000
 14000.00000000000
 0.000000
26-B
 230000.0000000000
 14000.00000000000
 0.000000
27-B
 240000.0000000000
 14000.00000000000
 0.000000
28-B
 250000.0000000000
 14000.00000000000
 0.000000
29-B
 260000.0000000000
 14000.00000000000
 0.000000
30-B
 270000.0000000000
 14000.00000000000
 0.000000
31-B
 280000.0000000000
 14000.00000000000
 0.000000
32-B
 290000.0000000000
 14000.00000000000
 0.000000
1-C
 0.000000
 26000.00000000000
 0.000000
2-C
 10000.00000000000
 26000.00000000000
 0.000000
3-C
 20000.00000000000
 26000.00000000000
 0.000000
4-C
 30000.00000000000
 26000.00000000000
 0.000000
5-C
 40000.00000000000
 26000.00000000000
 0.000000
6-C
 49000.00000000000
 26000.00000000000
 0.000000
7-C
 58000.00000000000
 26000.00000000000
 0.000000
8-C
 67000.00000000000
 26000.00000000000
 0.000000
9-C
 76000.00000000000
 26000.00000000000
 0.000000
10-C
 85000.00000000000
 26000.00000000000
 0.000000
11-C
 94000.00000000000
 26000.00000000000
 0.000000
12-C
 103000.0000000000
 26000.00000000000
 0.000000
13-C
 112000.0000000000
 26000.00000000000
 0.000000
14-C
 121000.0000000000
 26000.00000000000
 0.000000
15-C
 130000.0000000000
 26000.00000000000
 0.000000
16-C
 139000.0000000000
 26000.00000000000
 0.000000
17-C
 148000.0000000000
 26000.00000000000
 0.000000
18-C
 157000.0000000000
 26000.00000000000
 0.000000
19-C
 166000.0000000000
 26000.00000000000
 0.000000
20-C
 175000.0000000000
 26000.00000000000
 0.000000
21-C
 184000.0000000000
 26000.00000000000
 0.000000
22-C
 193000.0000000000
 26000.00000000000
 0.000000
23-C
 202000.0000000000
 26000.00000000000
 0.000000
24-C
 211000.0000000000
 26000.00000000000
 0.000000
25-C
 220000.0000000000
 26000.00000000000
 0.000000
26-C
 230000.0000000000
 26000.00000000000
 0.000000
27-C
 240000.0000000000
 26000.00000000000
 0.000000
28-C
 250000.0000000000
 26000.00000000000
 0.000000
29-C
 260000.0000000000
 26000.00000000000
 0.000000
30-C
 270000.0000000000
 26000.00000000000
 0.000000
31-C
 280000.0000000000
 26000.00000000000
 0.000000
32-C
 290000.0000000000
 26000.00000000000
 0.000000
1-D
 0.000000
 38000.00000000000
 0.000000
2-D
 10000.00000000000
 38000.00000000000
 0.000000
3-D
 20000.00000000000
 38000.00000000000
 0.000000
4-D
 30000.00000000000
 38000.00000000000
 0.000000
5-D
 40000.00000000000
 38000.00000000000
 0.000000
6-D
 49000.00000000000
 38000.00000000000
 0.000000
7-D
 58000.00000000000
 38000.00000000000
 0.000000
8-D
 67000.00000000000
 38000.00000000000
 0.000000
9-D
 76000.00000000000
 38000.00000000000
 0.000000
10-D
 85000.00000000000
 38000.00000000000
 0.000000
11-D
 94000.00000000000
 38000.00000000000
 0.000000
12-D
 103000.0000000000
 38000.00000000000
 0.000000
13-D
 112000.0000000000
 38000.00000000000
 0.000000
14-D
 121000.0000000000
 38000.00000000000
 0.000000
15-D
 130000.0000000000
 38000.00000000000
 0.000000
16-D
 139000.0000000000
 38000.00000000000
 0.000000
17-D
 148000.0000000000
 38000.00000000000
 0.000000
18-D
 157000.0000000000
 38000.00000000000
 0.000000
19-D
 166000.0000000000
 38000.00000000000
 0.000000
20-D
 175000.0000000000
 38000.00000000000
 0.000000
21-D
 184000.0000000000
 38000.00000000000
 0.000000
22-D
 193000.0000000000
 38000.00000000000
 0.000000
23-D
 202000.0000000000
 38000.00000000000
 0.000000
24-D
 211000.0000000000
 38000.00000000000
 0.000000
25-D
 220000.0000000000
 38000.00000000000
 0.000000
26-D
 230000.0000000000
 38000.00000000000
 0.000000
27-D
 240000.0000000000
 38000.00000000000
 0.000000
28-D
 250000.0000000000
 38000.00000000000
 0.000000
29-D
 260000.0000000000
 38000.00000000000
 0.000000
30-D
 270000.0000000000
 38000.00000000000
 0.000000
31-D
 280000.0000000000
 38000.00000000000
 0.000000
32-D
 290000.0000000000
 38000.00000000000
 0.000000
1-E
 0.000000
 50000.00000000000
 0.000000
2-E
 10000.00000000000
 50000.00000000000
 0.000000
3-E
 20000.00000000000
 50000.00000000000
 0.000000
4-E
 30000.00000000000
 50000.00000000000
 0.000000
5-E
 40000.00000000000
 50000.00000000000
 0.000000
6-E
 49000.00000000000
 50000.00000000000
 0.000000
7-E
 58000.00000000000
 50000.00000000000
 0.000000
8-E
 67000.00000000000
 50000.00000000000
 0.000000
9-E
 76000.00000000000
 50000.00000000000
 0.000000
10-E
 85000.00000000000
 50000.00000000000
 0.000000
11-E
 94000.00000000000
 50000.00000000000
 0.000000
12-E
 103000.0000000000
 50000.00000000000
 0.000000
13-E
 112000.0000000000
 50000.00000000000
 0.000000
14-E
 121000.0000000000
 50000.00000000000
 0.000000
15-E
 130000.0000000000
 50000.00000000000
 0.000000
16-E
 139000.0000000000
 50000.00000000000
 0.000000
17-E
 148000.0000000000
 50000.00000000000
 0.000000
18-E
 157000.0000000000
 50000.00000000000
 0.000000
19-E
 166000.0000000000
 50000.00000000000
 0.000000
20-E
 175000.0000000000
 50000.00000000000
 0.000000
21-E
 184000.0000000000
 50000.00000000000
 0.000000
22-E
 193000.0000000000
 50000.00000000000
 0.000000
23-E
 202000.0000000000
 50000.00000000000
 0.000000
24-E
 211000.0000000000
 50000.00000000000
 0.000000
25-E
 220000.0000000000
 50000.00000000000
 0.000000
26-E
 230000.0000000000
 50000.00000000000
 0.000000
27-E
 240000.0000000000
 50000.00000000000
 0.000000
28-E
 250000.0000000000
 50000.00000000000
 0.000000
29-E
 260000.0000000000
 50000.00000000000
 0.000000
30-E
 270000.0000000000
 50000.00000000000
 0.000000
31-E
 280000.0000000000
 50000.00000000000
 0.000000
32-E
 290000.0000000000
 50000.00000000000
 0.000000
1-F
 0.000000
 62000.00000000000
 0.000000
2-F
 10000.00000000000
 62000.00000000000
 0.000000
3-F
 20000.00000000000
 62000.00000000000
 0.000000
4-F
 30000.00000000000
 62000.00000000000
 0.000000
5-F
 40000.00000000000
 62000.00000000000
 0.000000
6-F
 49000.00000000000
 62000.00000000000
 0.000000
7-F
 58000.00000000000
 62000.00000000000
 0.000000
8-F
 67000.00000000000
 62000.00000000000
 0.000000
9-F
 76000.00000000000
 62000.00000000000
 0.000000
10-F
 85000.00000000000
 62000.00000000000
 0.000000
11-F
 94000.00000000000
 62000.00000000000
 0.000000
12-F
 103000.0000000000
 62000.00000000000
 0.000000
13-F
 112000.0000000000
 62000.00000000000
 0.000000
14-F
 121000.0000000000
 62000.00000000000
 0.000000
15-F
 130000.0000000000
 62000.00000000000
 0.000000
16-F
 139000.0000000000
 62000.00000000000
 0.000000
17-F
 148000.0000000000
 62000.00000000000
 0.000000
18-F
 157000.0000000000
 62000.00000000000
 0.000000
19-F
 166000.0000000000
 62000.00000000000
 0.000000
20-F
 175000.0000000000
 62000.00000000000
 0.000000
21-F
 184000.0000000000
 62000.00000000000
 0.000000
22-F
 193000.0000000000
 62000.00000000000
 0.000000
23-F
 202000.0000000000
 62000.00000000000
 0.000000
24-F
 211000.0000000000
 62000.00000000000
 0.000000
25-F
 220000.0000000000
 62000.00000000000
 0.000000
26-F
 230000.0000000000
 62000.00000000000
 0.000000
27-F
 240000.0000000000
 62000.00000000000
 0.000000
28-F
 250000.0000000000
 62000.00000000000
 0.000000
29-F
 260000.0000000000
 62000.00000000000
 0.000000
30-F
 270000.0000000000
 62000.00000000000
 0.000000
31-F
 280000.0000000000
 62000.00000000000
 0.000000
32-F
 290000.0000000000
 62000.00000000000
 0.000000
1-G
 0.000000
 74000.00000000000
 0.000000
2-G
 10000.00000000000
 74000.00000000000
 0.000000
3-G
 20000.00000000000
 74000.00000000000
 0.000000
4-G
 30000.00000000000
 74000.00000000000
 0.000000
5-G
 40000.00000000000
 74000.00000000000
 0.000000
6-G
 49000.00000000000
 74000.00000000000
 0.000000
7-G
 58000.00000000000
 74000.00000000000
 0.000000
8-G
 67000.00000000000
 74000.00000000000
 0.000000
9-G
 76000.00000000000
 74000.00000000000
 0.000000
10-G
 85000.00000000000
 74000.00000000000
 0.000000
11-G
 94000.00000000000
 74000.00000000000
 0.000000
12-G
 103000.0000000000
 74000.00000000000
 0.000000
13-G
 112000.0000000000
 74000.00000000000
 0.000000
14-G
 121000.0000000000
 74000.00000000000
 0.000000
15-G
 130000.0000000000
 74000.00000000000
 0.000000
16-G
 139000.0000000000
 74000.00000000000
 0.000000
17-G
 148000.0000000000
 74000.00000000000
 0.000000
18-G
 157000.0000000000
 74000.00000000000
 0.000000
19-G
 166000.0000000000
 74000.00000000000
 0.000000
20-G
 175000.0000000000
 74000.00000000000
 0.000000
21-G
 184000.0000000000
 74000.00000000000
 0.000000
22-G
 193000.0000000000
 74000.00000000000
 0.000000
23-G
 202000.0000000000
 74000.00000000000
 0.000000
24-G
 211000.0000000000
 74000.00000000000
 0.000000
25-G
 220000.0000000000
 74000.00000000000
 0.000000
26-G
 230000.0000000000
 74000.00000000000
 0.000000
27-G
 240000.0000000000
 74000.00000000000
 0.000000
28-G
 250000.0000000000
 74000.00000000000
 0.000000
29-G
 260000.0000000000
 74000.00000000000
 0.000000
30-G
 270000.0000000000
 74000.00000000000
 0.000000
31-G
 280000.0000000000
 74000.00000000000
 0.000000
32-G
 290000.0000000000
 74000.00000000000
 0.000000
1-H
 0.000000
 86000.00000000000
 0.000000
2-H
 10000.00000000000
 86000.00000000000
 0.000000
3-H
 20000.00000000000
 86000.00000000000
 0.000000
4-H
 30000.00000000000
 86000.00000000000
 0.000000
5-H
 40000.00000000000
 86000.00000000000
 0.000000
6-H
 49000.00000000000
 86000.00000000000
 0.000000
7-H
 58000.00000000000
 86000.00000000000
 0.000000
8-H
 67000.00000000000
 86000.00000000000
 0.000000
9-H
 76000.00000000000
 86000.00000000000
 0.000000
10-H
 85000.00000000000
 86000.00000000000
 0.000000
11-H
 94000.00000000000
 86000.00000000000
 0.000000
12-H
 103000.0000000000
 86000.00000000000
 0.000000
13-H
 112000.0000000000
 86000.00000000000
 0.000000
14-H
 121000.0000000000
 86000.00000000000
 0.000000
15-H
 130000.0000000000
 86000.00000000000
 0.000000
16-H
 139000.0000000000
 86000.00000000000
 0.000000
17-H
 148000.0000000000
 86000.00000000000
 0.000000
18-H
 157000.0000000000
 86000.00000000000
 0.000000
19-H
 166000.0000000000
 86000.00000000000
 0.000000
20-H
 175000.0000000000
 86000.00000000000
 0.000000
21-H
 184000.0000000000
 86000.00000000000
 0.000000
22-H
 193000.0000000000
 86000.00000000000
 0.000000
23-H
 202000.0000000000
 86000.00000000000
 0.000000
24-H
 211000.0000000000
 86000.00000000000
 0.000000
25-H
 220000.0000000000
 86000.00000000000
 0.000000
26-H
 230000.0000000000
 86000.00000000000
 0.000000
27-H
 240000.0000000000
 86000.00000000000
 0.000000
28-H
 250000.0000000000
 86000.00000000000
 0.000000
29-H
 260000.0000000000
 86000.00000000000
 0.000000
30-H
 270000.0000000000
 86000.00000000000
 0.000000
31-H
 280000.0000000000
 86000.00000000000
 0.000000
32-H
 290000.0000000000
 86000.00000000000
 0.000000
1-I
 0.000000
 98000.00000000000
 0.000000
2-I
 10000.00000000000
 98000.00000000000
 0.000000
3-I
 20000.00000000000
 98000.00000000000
 0.000000
4-I
 30000.00000000000
 98000.00000000000
 0.000000
5-I
 40000.00000000000
 98000.00000000000
 0.000000
6-I
 49000.00000000000
 98000.00000000000
 0.000000
7-I
 58000.00000000000
 98000.00000000000
 0.000000
8-I
 67000.00000000000
 98000.00000000000
 0.000000
9-I
 76000.00000000000
 98000.00000000000
 0.000000
10-I
 85000.00000000000
 98000.00000000000
 0.000000
11-I
 94000.00000000000
 98000.00000000000
 0.000000
12-I
 103000.0000000000
 98000.00000000000
 0.000000
13-I
 112000.0000000000
 98000.00000000000
 0.000000
14-I
 121000.0000000000
 98000.00000000000
 0.000000
15-I
 130000.0000000000
 98000.00000000000
 0.000000
16-I
 139000.0000000000
 98000.00000000000
 0.000000
17-I
 148000.0000000000
 98000.00000000000
 0.000000
18-I
 157000.0000000000
 98000.00000000000
 0.000000
19-I
 166000.0000000000
 98000.00000000000
 0.000000
20-I
 175000.0000000000
 98000.00000000000
 0.000000
21-I
 184000.0000000000
 98000.00000000000
 0.000000
22-I
 193000.0000000000
 98000.00000000000
 0.000000
23-I
 202000.0000000000
 98000.00000000000
 0.000000
24-I
 211000.0000000000
 98000.00000000000
 0.000000
25-I
 220000.0000000000
 98000.00000000000
 0.000000
26-I
 230000.0000000000
 98000.00000000000
 0.000000
27-I
 240000.0000000000
 98000.00000000000
 0.000000
28-I
 250000.0000000000
 98000.00000000000
 0.000000
29-I
 260000.0000000000
 98000.00000000000
 0.000000
30-I
 270000.0000000000
 98000.00000000000
 0.000000
31-I
 280000.0000000000
 98000.00000000000
 0.000000
32-I
 290000.0000000000
 98000.00000000000
 0.000000
1-J
 0.000000
 110000.0000000000
 0.000000
2-J
 10000.00000000000
 110000.0000000000
 0.000000
3-J
 20000.00000000000
 110000.0000000000
 0.000000
4-J
 30000.00000000000
 110000.0000000000
 0.000000
5-J
 40000.00000000000
 110000.0000000000
 0.000000
6-J
 49000.00000000000
 110000.0000000000
 0.000000
7-J
 58000.00000000000
 110000.0000000000
 0.000000
8-J
 67000.00000000000
 110000.0000000000
 0.000000
9-J
 76000.00000000000
 110000.0000000000
 0.000000
10-J
 85000.00000000000
 110000.0000000000
 0.000000
11-J
 94000.00000000000
 110000.0000000000
 0.000000
12-J
 103000.0000000000
 110000.0000000000
 0.000000
13-J
 112000.0000000000
 110000.0000000000
 0.000000
14-J
 121000.0000000000
 110000.0000000000
 0.000000
15-J
 130000.0000000000
 110000.0000000000
 0.000000
16-J
 139000.0000000000
 110000.0000000000
 0.000000
17-J
 148000.0000000000
 110000.0000000000
 0.000000
18-J
 157000.0000000000
 110000.0000000000
 0.000000
19-J
 166000.0000000000
 110000.0000000000
 0.000000
20-J
 175000.0000000000
 110000.0000000000
 0.000000
21-J
 184000.0000000000
 110000.0000000000
 0.000000
22-J
 193000.0000000000
 110000.0000000000
 0.000000
23-J
 202000.0000000000
 110000.0000000000
 0.000000
24-J
 211000.0000000000
 110000.0000000000
 0.000000
25-J
 220000.0000000000
 110000.0000000000
 0.000000
26-J
 230000.0000000000
 110000.0000000000
 0.000000
27-J
 240000.0000000000
 110000.0000000000
 0.000000
28-J
 250000.0000000000
 110000.0000000000
 0.000000
29-J
 260000.0000000000
 110000.0000000000
 0.000000
30-J
 270000.0000000000
 110000.0000000000
 0.000000
31-J
 280000.0000000000
 110000.0000000000
 0.000000
32-J
 290000.0000000000
 110000.0000000000
 0.000000
1-K
 0.000000
 122000.0000000000
 0.000000
2-K
 10000.00000000000
 122000.0000000000
 0.000000
3-K
 20000.00000000000
 122000.0000000000
 0.000000
4-K
 30000.00000000000
 122000.0000000000
 0.000000
5-K
 40000.00000000000
 122000.0000000000
 0.000000
6-K
 49000.00000000000
 122000.0000000000
 0.000000
7-K
 58000.00000000000
 122000.0000000000
 0.000000
8-K
 67000.00000000000
 122000.0000000000
 0.000000
9-K
 76000.00000000000
 122000.0000000000
 0.000000
10-K
 85000.00000000000
 122000.0000000000
 0.000000
11-K
 94000.00000000000
 122000.0000000000
 0.000000
12-K
 103000.0000000000
 122000.0000000000
 0.000000
13-K
 112000.0000000000
 122000.0000000000
 0.000000
14-K
 121000.0000000000
 122000.0000000000
 0.000000
15-K
 130000.0000000000
 122000.0000000000
 0.000000
16-K
 139000.0000000000
 122000.0000000000
 0.000000
17-K
 148000.0000000000
 122000.0000000000
 0.000000
18-K
 157000.0000000000
 122000.0000000000
 0.000000
19-K
 166000.0000000000
 122000.0000000000
 0.000000
20-K
 175000.0000000000
 122000.0000000000
 0.000000
21-K
 184000.0000000000
 122000.0000000000
 0.000000
22-K
 193000.0000000000
 122000.0000000000
 0.000000
23-K
 202000.0000000000
 122000.0000000000
 0.000000
24-K
 211000.0000000000
 122000.0000000000
 0.000000
25-K
 220000.0000000000
 122000.0000000000
 0.000000
26-K
 230000.0000000000
 122000.0000000000
 0.000000
27-K
 240000.0000000000
 122000.0000000000
 0.000000
28-K
 250000.0000000000
 122000.0000000000
 0.000000
29-K
 260000.0000000000
 122000.0000000000
 0.000000
30-K
 270000.0000000000
 122000.0000000000
 0.000000
31-K
 280000.0000000000
 122000.0000000000
 0.000000
32-K
 290000.0000000000
 122000.0000000000
 0.000000
1-L
 0.000000
 134000.0000000000
 0.000000
2-L
 10000.00000000000
 134000.0000000000
 0.000000
3-L
 20000.00000000000
 134000.0000000000
 0.000000
4-L
 30000.00000000000
 134000.0000000000
 0.000000
5-L
 40000.00000000000
 134000.0000000000
 0.000000
6-L
 49000.00000000000
 134000.0000000000
 0.000000
7-L
 58000.00000000000
 134000.0000000000
 0.000000
8-L
 67000.00000000000
 134000.0000000000
 0.000000
9-L
 76000.00000000000
 134000.0000000000
 0.000000
10-L
 85000.00000000000
 134000.0000000000
 0.000000
11-L
 94000.00000000000
 134000.0000000000
 0.000000
12-L
 103000.0000000000
 134000.0000000000
 0.000000
13-L
 112000.0000000000
 134000.0000000000
 0.000000
14-L
 121000.0000000000
 134000.0000000000
 0.000000
15-L
 130000.0000000000
 134000.0000000000
 0.000000
16-L
 139000.0000000000
 134000.0000000000
 0.000000
17-L
 148000.0000000000
 134000.0000000000
 0.000000
18-L
 157000.0000000000
 134000.0000000000
 0.000000
19-L
 166000.0000000000
 134000.0000000000
 0.000000
20-L
 175000.0000000000
 134000.0000000000
 0.000000
21-L
 184000.0000000000
 134000.0000000000
 0.000000
22-L
 193000.0000000000
 134000.0000000000
 0.000000
23-L
 202000.0000000000
 134000.0000000000
 0.000000
24-L
 211000.0000000000
 134000.0000000000
 0.000000
25-L
 220000.0000000000
 134000.0000000000
 0.000000
26-L
 230000.0000000000
 134000.0000000000
 0.000000
27-L
 240000.0000000000
 134000.0000000000
 0.000000
28-L
 250000.0000000000
 134000.0000000000
 0.000000
29-L
 260000.0000000000
 134000.0000000000
 0.000000
30-L
 270000.0000000000
 134000.0000000000
 0.000000
31-L
 280000.0000000000
 134000.0000000000
 0.000000
32-L
 290000.0000000000
 134000.0000000000
 0.000000
1-M
 0.000000
 149000.0000000000
 0.000000
2-M
 10000.00000000000
 149000.0000000000
 0.000000
3-M
 20000.00000000000
 149000.0000000000
 0.000000
4-M
 30000.00000000000
 149000.0000000000
 0.000000
5-M
 40000.00000000000
 149000.0000000000
 0.000000
6-M
 49000.00000000000
 149000.0000000000
 0.000000
7-M
 58000.00000000000
 149000.0000000000
 0.000000
8-M
 67000.00000000000
 149000.0000000000
 0.000000
9-M
 76000.00000000000
 149000.0000000000
 0.000000
10-M
 85000.00000000000
 149000.0000000000
 0.000000
11-M
 94000.00000000000
 149000.0000000000
 0.000000
12-M
 103000.0000000000
 149000.0000000000
 0.000000
13-M
 112000.0000000000
 149000.0000000000
 0.000000
14-M
 121000.0000000000
 149000.0000000000
 0.000000
15-M
 130000.0000000000
 149000.0000000000
 0.000000
16-M
 139000.0000000000
 149000.0000000000
 0.000000
17-M
 148000.0000000000
 149000.0000000000
 0.000000
18-M
 157000.0000000000
 149000.0000000000
 0.000000
19-M
 166000.0000000000
 149000.0000000000
 0.000000
20-M
 175000.0000000000
 149000.0000000000
 0.000000
21-M
 184000.0000000000
 149000.0000000000
 0.000000
22-M
 193000.0000000000
 149000.0000000000
 0.000000
23-M
 202000.0000000000
 149000.0000000000
 0.000000
24-M
 211000.0000000000
 149000.0000000000
 0.000000
25-M
 220000.0000000000
 149000.0000000000
 0.000000
26-M
 230000.0000000000
 149000.0000000000
 0.000000
27-M
 240000.0000000000
 149000.0000000000
 0.000000
28-M
 250000.0000000000
 149000.0000000000
 0.000000
29-M
 260000.0000000000
 149000.0000000000
 0.000000
30-M
 270000.0000000000
 149000.0000000000
 0.000000
31-M
 280000.0000000000
 149000.0000000000
 0.000000
32-M
 290000.0000000000
 149000.0000000000
 0.000000
33-A
 305500.0000000000
 0.000000
 0.000000
34-A
 321000.0000000000
 0.000000
 0.000000
33-B
 15500.00000000000
 14000.00000000000
 0.000000
34-B
 31000.00000000000
 14000.00000000000
 0.000000
33-C
 15500.00000000000
 26000.00000000000
 0.000000
34-C
 31000.00000000000
 26000.00000000000
 0.000000
33-D
 15500.00000000000
 38000.00000000000
 0.000000
34-D
 31000.00000000000
 38000.00000000000
 0.000000
33-E
 15500.00000000000
 50000.00000000000
 0.000000
34-E
 31000.00000000000
 50000.00000000000
 0.000000
33-F
 15500.00000000000
 62000.00000000000
 0.000000
34-F
 31000.00000000000
 62000.00000000000
 0.000000
33-G
 15500.00000000000
 74000.00000000000
 0.000000
34-G
 31000.00000000000
 74000.00000000000
 0.000000
33-H
 15500.00000000000
 86000.00000000000
 0.000000
34-H
 31000.00000000000
 86000.00000000000
 0.000000
33-I
 15500.00000000000
 98000.00000000000
 0.000000
34-I
 31000.00000000000
 98000.00000000000
 0.000000
33-J
 15500.00000000000
 110000.0000000000
 0.000000
34-J
 31000.00000000000
 110000.0000000000
 0.000000
33-K
 15500.00000000000
 122000.0000000000
 0.000000
34-K
 31000.00000000000
 122000.0000000000
 0.000000
33-L
 15500.00000000000
 134000.0000000000
 0.000000
34-L
 31000.00000000000
 134000.0000000000
 0.000000
33-M
 15500.00000000000
 149000.0000000000
 0.000000
34-M
 31000.00000000000
 149000.0000000000
 0.000000
1-LA
 0.000000
 140000.0000000000
 0.000000
2-LA
 10000.00000000000
 140000.0000000000
 0.000000
3-LA
 20000.00000000000
 140000.0000000000
 0.000000
4-LA
 30000.00000000000
 140000.0000000000
 0.000000
27-JA
 240000.0000000000
 115300.0000000000
 0.000000
28-JA
 250000.0000000000
 115300.0000000000
 0.000000
29-JA
 260000.0000000000
 115300.0000000000
 0.000000
30-JA
 270000.0000000000
 115300.0000000000
 0.000000
31-JA
 280000.0000000000
 115300.0000000000
 0.000000
31-KA
 280000.0000000000
 127000.0000000000
 0.000000
