A-1
 0.000000
 0.000000
 0.000000
A-2
 290000.0000000000
 0.000000
 0.000000
B-1
 0.000000
 14000.00000000000
 0.000000
B-2
 290000.0000000000
 14000.00000000000
 0.000000
C-1
 0.000000
 26000.00000000000
 0.000000
C-2
 290000.0000000000
 26000.00000000000
 0.000000
D-1
 0.000000
 38000.00000000000
 0.000000
D-2
 290000.0000000000
 38000.00000000000
 0.000000
E-1
 0.000000
 50000.00000000000
 0.000000
E-2
 290000.0000000000
 50000.00000000000
 0.000000
F-1
 0.000000
 62000.00000000000
 0.000000
F-2
 290000.0000000000
 62000.00000000000
 0.000000
G-1
 0.000000
 74000.00000000000
 0.000000
G-2
 290000.0000000000
 74000.00000000000
 0.000000
H-1
 0.000000
 86000.00000000000
 0.000000
H-2
 290000.0000000000
 86000.00000000000
 0.000000
I-1
 0.000000
 98000.00000000000
 0.000000
I-2
 290000.0000000000
 98000.00000000000
 0.000000
J-1
 0.000000
 110000.0000000000
 0.000000
J-2
 290000.0000000000
 110000.0000000000
 0.000000
K-1
 0.000000
 122000.0000000000
 0.000000
K-2
 290000.0000000000
 122000.0000000000
 0.000000
L-1
 0.000000
 134000.0000000000
 0.000000
L-2
 290000.0000000000
 134000.0000000000
 0.000000
M-1
 0.000000
 149000.0000000000
 0.000000
M-2
 290000.0000000000
 149000.0000000000
 0.000000
