1-1
 0.000000
 0.000000
 0.000000
1-2
 0.000000
 149000.0000000000
 0.000000
2-1
 10000.00000000000
 0.000000
 0.000000
2-2
 10000.00000000000
 149000.0000000000
 0.000000
3-1
 20000.00000000000
 0.000000
 0.000000
3-2
 20000.00000000000
 149000.0000000000
 0.000000
4-1
 30000.00000000000
 0.000000
 0.000000
4-2
 30000.00000000000
 149000.0000000000
 0.000000
5-1
 40000.00000000000
 0.000000
 0.000000
5-2
 40000.00000000000
 149000.0000000000
 0.000000
6-1
 49000.00000000000
 0.000000
 0.000000
6-2
 49000.00000000000
 149000.0000000000
 0.000000
7-1
 58000.00000000000
 0.000000
 0.000000
7-2
 58000.00000000000
 149000.0000000000
 0.000000
8-1
 67000.00000000000
 0.000000
 0.000000
8-2
 67000.00000000000
 149000.0000000000
 0.000000
9-1
 76000.00000000000
 0.000000
 0.000000
9-2
 76000.00000000000
 149000.0000000000
 0.000000
10-1
 85000.00000000000
 0.000000
 0.000000
10-2
 85000.00000000000
 149000.0000000000
 0.000000
11-1
 94000.00000000000
 0.000000
 0.000000
11-2
 94000.00000000000
 149000.0000000000
 0.000000
12-1
 103000.0000000000
 0.000000
 0.000000
12-2
 103000.0000000000
 149000.0000000000
 0.000000
13-1
 112000.0000000000
 0.000000
 0.000000
13-2
 112000.0000000000
 149000.0000000000
 0.000000
14-1
 121000.0000000000
 0.000000
 0.000000
14-2
 121000.0000000000
 149000.0000000000
 0.000000
15-1
 130000.0000000000
 0.000000
 0.000000
15-2
 130000.0000000000
 149000.0000000000
 0.000000
16-1
 139000.0000000000
 0.000000
 0.000000
16-2
 139000.0000000000
 149000.0000000000
 0.000000
17-1
 148000.0000000000
 0.000000
 0.000000
17-2
 148000.0000000000
 149000.0000000000
 0.000000
18-1
 157000.0000000000
 0.000000
 0.000000
18-2
 157000.0000000000
 149000.0000000000
 0.000000
19-1
 166000.0000000000
 0.000000
 0.000000
19-2
 166000.0000000000
 149000.0000000000
 0.000000
20-1
 175000.0000000000
 0.000000
 0.000000
20-2
 175000.0000000000
 149000.0000000000
 0.000000
21-1
 184000.0000000000
 0.000000
 0.000000
21-2
 184000.0000000000
 149000.0000000000
 0.000000
22-1
 193000.0000000000
 0.000000
 0.000000
22-2
 193000.0000000000
 149000.0000000000
 0.000000
23-1
 202000.0000000000
 0.000000
 0.000000
23-2
 202000.0000000000
 149000.0000000000
 0.000000
24-1
 211000.0000000000
 0.000000
 0.000000
24-2
 211000.0000000000
 149000.0000000000
 0.000000
25-1
 220000.0000000000
 0.000000
 0.000000
25-2
 220000.0000000000
 149000.0000000000
 0.000000
26-1
 230000.0000000000
 0.000000
 0.000000
26-2
 230000.0000000000
 149000.0000000000
 0.000000
27-1
 240000.0000000000
 0.000000
 0.000000
27-2
 240000.0000000000
 149000.0000000000
 0.000000
28-1
 250000.0000000000
 0.000000
 0.000000
28-2
 250000.0000000000
 149000.0000000000
 0.000000
29-1
 260000.0000000000
 0.000000
 0.000000
29-2
 260000.0000000000
 149000.0000000000
 0.000000
30-1
 270000.0000000000
 0.000000
 0.000000
30-2
 270000.0000000000
 149000.0000000000
 0.000000
31-1
 280000.0000000000
 0.000000
 0.000000
31-2
 280000.0000000000
 149000.0000000000
 0.000000
32-1
 290000.0000000000
 0.000000
 0.000000
32-2
 290000.0000000000
 149000.0000000000
 0.000000
