Y0-1
 0.000000
 0.000000
 0.000000
Y0-2
 48000.00000000000
 0.000000
 0.000000
Y1-1
 0.000000
 10000.00000000000
 0.000000
Y1-2
 48000.00000000000
 10000.00000000000
 0.000000
Y2-1
 0.000000
 18000.00000000000
 0.000000
Y2-2
 48000.00000000000
 18000.00000000000
 0.000000
Y3-1
 0.000000
 28000.00000000000
 0.000000
Y3-2
 48000.00000000000
 28000.00000000000
 0.000000
Y4-1
 0.000000
 38000.00000000000
 0.000000
Y4-2
 48000.00000000000
 38000.00000000000
 0.000000
Y5-1
 0.000000
 44000.00000000000
 0.000000
Y5-2
 48000.00000000000
 44000.00000000000
 0.000000
Y6-1
 0.000000
 54000.00000000000
 0.000000
Y6-2
 48000.00000000000
 54000.00000000000
 0.000000
