X0-1
 0.000000
 0.000000
 0.000000
X0-2
 0.000000
 54000.00000000000
 0.000000
X1-1
 6000.000000000000
 0.000000
 0.000000
X1-2
 6000.000000000000
 54000.00000000000
 0.000000
X2-1
 16000.00000000000
 0.000000
 0.000000
X2-2
 16000.00000000000
 54000.00000000000
 0.000000
X3-1
 24000.00000000000
 0.000000
 0.000000
X3-2
 24000.00000000000
 54000.00000000000
 0.000000
X4-1
 34000.00000000000
 0.000000
 0.000000
X4-2
 34000.00000000000
 54000.00000000000
 0.000000
X5-1
 40000.00000000000
 0.000000
 0.000000
X5-2
 40000.00000000000
 54000.00000000000
 0.000000
X6-1
 48000.00000000000
 0.000000
 0.000000
X6-2
 48000.00000000000
 54000.00000000000
 0.000000
